// Data set for mtbmark-quicksort

int size = 128;

int src[] = {
  42, -198, 63, 354, -464, 481, 110, 52, -118, 220, 202,
  114, -46, -498, -438, -418, 286, 288, -156, -7, 294, 30, 311, 377,
  -339, -432, 386, -322, -440, -141, 65, -10, 319, 309, 217, 93, -303,
  388, 371, -96, -72, 461, -186, 124, -407, 111, -392, -27, 357, -453,
  -424, 4, -206, 466, 316, -452, -294, 194, 347, -393, -316, 240, 251,
  -248, 495, 370, -99, 487, -389, -413, 261, 100, 94, -308, 317, -201,
  323, 173, -397, 480, 246, 455, -48, 180, 216, 62, -49, 491, 204, 477,
  -132, 127, 83, 86, -68, -387, 285, 328, 215, 384, 5, -274, 48, 228,
  -490, -360, 132, 283, -157, -273, -195, 75, 20, -456, -59, 109, -487,
  25, 470, 376, 390, 361, -361, 108, -459, 381, 432, -143
};

int ref[] = {
  -498, -490, -487, -464, -459, -456, -453, -452, -440,
  -438, -432, -424, -418, -413, -407, -397, -393, -392, -389, -387,
  -361, -360, -339, -322, -316, -308, -303, -294, -274, -273, -248,
  -206, -201, -198, -195, -186, -157, -156, -143, -141, -132, -118, -99,
  -96, -72, -68, -59, -49, -48, -46, -27, -10, -7, 4, 5, 20, 25, 30, 42,
  48, 52, 62, 63, 65, 75, 83, 86, 93, 94, 100, 108, 109, 110, 111, 114,
  124, 127, 132, 173, 180, 194, 202, 204, 215, 216, 217, 220, 228, 240,
  246, 251, 261, 283, 285, 286, 288, 294, 309, 311, 316, 317, 319, 323,
  328, 347, 354, 357, 361, 370, 371, 376, 377, 381, 384, 386, 388, 390,
  432, 455, 461, 466, 470, 477, 480, 481, 487, 491, 495
};
