
int size = 126;

int src[] = {
  5962, -9999, -6056, -3375, -3703, 6478, -2904, 6227, 7338, 509, -4202,
  4233, -6564, -5014, -9395, 2658, -8127, -105, -6034, 7062, -4288,
  -5091, -4003, -4030, 592, 9708, -4561, 8379, -740, 2960, -9845, 8098,
  6093, -6080, -308, -3822, 5233, -826, 6149, -9840, 82, -3419, -6551,
  -1261, 9593, 3273, 8228, -9532, 6646, -4069, -2622, -2897, 6534, -6004,
  76, 1055, -5014, -7249, 8499, -8718, -9584, 4592, 4304, -830, -8777,
  3007, -2963, 6376, -2261, 5914, -5931, 4875, -8706, -5374, 4900, 9875,
  -2082, 6970, -9068, -5892, 7572, -6040, -8623, -9791, -6714, 7949, 8353,
  -7767, 8924, -1947, -7542, 8533, 8947, -7552, -7192, -3000, 5261, 9249,
  -5742, -682, -3545, -3228, -8761, -3581, 9466, 6243, 7805, 2126, -7069,
  551, 3463, 8292, -183, 7205, -2146, -8262, -9153, 8904, -4772, -9861,
  1314, -4892, -8373, 8360, -9817, 9224
};

int ref[] = {
  -9999, -9861, -9845, -9840, -9817, -9791, -9584, -9532, -9395, -9153,
  -9068, -8777, -8761, -8718, -8706, -8623, -8373, -8262, -8127, -7767,
  -7552, -7542, -7249, -7192, -7069, -6714, -6564, -6551, -6080, -6056,
  -6040, -6034, -6004, -5931, -5892, -5742, -5374, -5091, -5014, -5014,
  -4892, -4772, -4561, -4288, -4202, -4069, -4030, -4003, -3822, -3703,
  -3581, -3545, -3419, -3375, -3228, -3000, -2963, -2904, -2897, -2622,
  -2261, -2146, -2082, -1947, -1261, -830, -826, -740, -682, -308, -183,
  -105, 76, 82, 509, 551, 592, 1055, 1314, 2126, 2658, 2960, 3007, 3273,
  3463, 4233, 4304, 4592, 4875, 4900, 5233, 5261, 5914, 5962, 6093, 6149,
  6227, 6243, 6376, 6478, 6534, 6646, 6970, 7062, 7205, 7338, 7572, 7805,
  7949, 8098, 8228, 8292, 8353, 8360, 8379, 8499, 8533, 8904, 8924, 8947,
  9224, 9249, 9466, 9593, 9708, 9875
};
