// reversed sequence

int size = 127;

int src[] = {
  9879, 9803, 9770, 9628, 9409, 9389, 9304, 9266, 9172, 8871, 8715, 8647,
  8622, 8516, 8362, 8229, 8206, 8200, 8026, 7946, 7932, 7854, 7498, 7221,
  7183, 7112, 7006, 6995, 6451, 6382, 6240, 5498, 5072, 4959, 4809, 4756,
  4728, 4719, 4693, 4674, 4637, 4608, 4409, 4322, 4252, 3314, 3310, 2897,
  2820, 2775, 2689, 2631, 2568, 2262, 2230, 1712, 1663, 1182, 1152, 1091,
  802, 663, 589, 370, 243, 232, 226, 144, -198, -435, -498, -882,
  -897, -1052, -1106, -1162, -1362, -1388, -1480, -1550, -1776, -1830,
  -1883, -1924, -2229, -2435, -2750, -2755, -3120, -3173, -3866, -3894,
  -3933, -4154, -4331, -4390, -4667, -4715, -4716, -5351, -5551, -5601,
  -5710, -5812, -5953, -6041, -6135, -6168, -6285, -6478, -6775, -6989,
  -7047, -7523, -7891, -7893, -7916, -7962, -8117, -8215, -8361, -8469,
  -8764, -8985, -9262, -9475, -9992
};

int ref[] = {
  -9992, -9475, -9262, -8985, -8764, -8469, -8361, -8215, -8117, -7962,
  -7916, -7893, -7891, -7523, -7047, -6989, -6775, -6478, -6285, -6168,
  -6135, -6041, -5953, -5812, -5710, -5601, -5551, -5351, -4716, -4715,
  -4667, -4390, -4331, -4154, -3933, -3894, -3866, -3173, -3120, -2755,
  -2750, -2435, -2229, -1924, -1883, -1830, -1776, -1550, -1480, -1388,
  -1362, -1162, -1106, -1052, -897, -882, -498, -435, -198, 144, 226,
  232, 243, 370, 589, 663, 802, 1091, 1152, 1182, 1663, 1712, 2230, 2262,
  2568, 2631, 2689, 2775, 2820, 2897, 3310, 3314, 4252, 4322, 4409, 4608,
  4637, 4674, 4693, 4719, 4728, 4756, 4809, 4959, 5072, 5498, 6240, 6382,
  6451, 6995, 7006, 7112, 7183, 7221, 7498, 7854, 7932, 7946, 8026, 8200,
  8206, 8229, 8362, 8516, 8622, 8647, 8715, 8871, 9172, 9266, 9304, 9389,
  9409, 9628, 9770, 9803, 9879
};
