// Data set for ubmark-sort

int size = 128;

int src[] = {
  664,
  273,
  205,
  31,
  193,
  876,
  600,
  235,
  871,
  473,
  648,
  8,
  74,
  754,
  24,
  687,
  743,
  801,
  110,
  648,
  873,
  553,
  189,
  408,
  852,
  367,
  654,
  563,
  476,
  450,
  337,
  878,
  177,
  392,
  326,
  996,
  128,
  143,
  99,
  482,
  402,
  31,
  801,
  289,
  305,
  933,
  62,
  465,
  264,
  943,
  892,
  964,
  48,
  797,
  73,
  269,
  873,
  148,
  118,
  666,
  695,
  989,
  158,
  809,
  660,
  893,
  295,
  974,
  415,
  378,
  182,
  50,
  143,
  3,
  93,
  487,
  988,
  680,
  378,
  646,
  181,
  454,
  624,
  646,
  135,
  762,
  157,
  424,
  212,
  448,
  150,
  100,
  571,
  28,
  842,
  181,
  181,
  314,
  427,
  166,
  980,
  355,
  372,
  196,
  665,
  714,
  149,
  446,
  120,
  834,
  356,
  309,
  514,
  403,
  994,
  93,
  837,
  980,
  583,
  706,
  541,
  370,
  81,
  574,
  451,
  265,
  431,
  651,
};

int ref[] = {
  3,
  8,
  24,
  28,
  31,
  31,
  48,
  50,
  62,
  73,
  74,
  81,
  93,
  93,
  99,
  100,
  110,
  118,
  120,
  128,
  135,
  143,
  143,
  148,
  149,
  150,
  157,
  158,
  166,
  177,
  181,
  181,
  181,
  182,
  189,
  193,
  196,
  205,
  212,
  235,
  264,
  265,
  269,
  273,
  289,
  295,
  305,
  309,
  314,
  326,
  337,
  355,
  356,
  367,
  370,
  372,
  378,
  378,
  392,
  402,
  403,
  408,
  415,
  424,
  427,
  431,
  446,
  448,
  450,
  451,
  454,
  465,
  473,
  476,
  482,
  487,
  514,
  541,
  553,
  563,
  571,
  574,
  583,
  600,
  624,
  646,
  646,
  648,
  648,
  651,
  654,
  660,
  664,
  665,
  666,
  680,
  687,
  695,
  706,
  714,
  743,
  754,
  762,
  797,
  801,
  801,
  809,
  834,
  837,
  842,
  852,
  871,
  873,
  873,
  876,
  878,
  892,
  893,
  933,
  943,
  964,
  974,
  980,
  980,
  988,
  989,
  994,
  996,
};

